((("replicate" .
   [1 0 0 0 0 0 0 0 0])
  ("1:100" .
   [1 0 0 0 0])
  ("cs" .
   [1 0])
  ("cumsum" .
   [1 0 0 0 0 0])
  ("x3" .
   [3 0])
  ("x2" .
   [6 0])
  ("row.names" .
   [0 0 0 0 0 0 0 0 1])
  ("system" .
   [1 0 0 0 0 0])
  ("e" .
   [1])
  ("hiers$genus" .
   [1 0 0 0 0 0 0 0 0 0 0])
  ("hiers$suborder" .
   [1 0 0 0 0 0 0 0 0 0 0 0 0 0])
  ("hiers$order" .
   [2 0 0 0 0 0 0 0 0 0 0])
  ("hiers$subclass" .
   [3 0 0 0 0 0 0 0 0 0 0 0 0 0])
  ("hiers$family" .
   [2 0 0 0 0 0 0 0 0 0 0 0])
  ("nms2rem" .
   [1 0 0 0 0 0 0])
  ("hiers$max_lev" .
   [0 0 0 0 0 0 0 0 1 0 0 0 0])
  ("h" .
   [1])
  ("match" .
   [1 0 0 0 0])
  ("prefauna" .
   [1 0 0 0 0 0 0 0])
  ("p" .
   [1])
  ("hiers$division" .
   [1 0 0 0 0 0 0 0 0 0 0 0 0 0])
  ("hiers$subphylum" .
   [0 0 0 0 0 0 0 0 0 0 1 0 0 0 0])
  ("hiers$class" .
   [0 0 0 0 0 0 1 0 0 0 0])
  ("merge" .
   [3 0 0 0 0])
  ("order" .
   [1 0 0 0 0])
  ("hiers" .
   [9 0 0 0 0])
  ("ord" .
   [3 0 0])
  ("i" .
   [2])
  ("inf3" .
   [1 0 0 0])
  ("f" .
   [1])
  ("which" .
   [1 0 0 0 0])
  ("warning" .
   [2 0 0 0 0 0 0])
  ("at" .
   [1 0])
  ("cbind" .
   [2 0 0 0 0])
  ("matches" .
   [4 0 0 0 0 0 0])
  ("str" .
   [1 0 0])
  ("which.min" .
   [2 0 0 0 0 0 0 0 0])
  ("stringdist" .
   [0 0 0 0 0 1 0 0 0 0])
  ("inf$totalResults" .
   [0 0 0 0 0 0 0 1 0 0 0 0 0 0 0 0])
  ("NAanalyse" .
   [0 0 2 0 0 0 0 0 0])
  ("alltaxa2" .
   [2 0 0 0 0 0 0 0])
  ("inf2$taxonConcepts" .
   [0 0 0 0 0 0 0 0 1 0 0 0 0 0 0 0 0 0])
  ("inf$results" .
   [0 0 0 0 0 0 0 0 1 0 0])
  ("exact" .
   [7 0 0 0 0])
  ("grep" .
   [3 0 0 0])
  ("min" .
   [0 0 1])
  ("rownames" .
   [3 0 0 0 0 0 0 0])
  ("o" .
   [1])
  ("pre_pah$site" .
   [1 0 0 0 0 0 0 0 0 0 0 0])
  ("No" .
   [1 0])
  ("as.data.frame" .
   [2 0 0 0 0 0 0 0 0 0 0 0 0])
  ("do.call" .
   [4 0 0 0 0 0 0])
  ("sub" .
   [2 0 0])
  ("1:10" .
   [2 0 0 0])
  ("stringsAsFactors" .
   [0 0 0 0 0 0 0 1 0 0 0 0 0 0 0 0])
  ("as.character" .
   [2 0 0 0 0 0 0 0 0 0 0 0])
  ("names" .
   [7 0 0 0 0])
  ("load" .
   [1 0 0 0])
  ("unlist" .
   [4 0 0 0 0 0])
  ("inf" .
   [5 0 0])
  ("length" .
   [10 0 0 0 0 0])
  ("save" .
   [1 0 0 0])
  ("alltaxa" .
   [4 0 0 0 0 0 0])
  ("tax" .
   [6 0 0])
  ("list" .
   [2 0 0 0])
  ("library" .
   [1 0 0 0 0 0 0])
  ("spp$allspp" .
   [2 0 0 0 0 0 0 1 0 0])
  ("url" .
   [3 0 0])
  ("sprintf" .
   [2 0 0 0 0 0 0])
  ("pre_metal" .
   [1 0 0 0 0 0 0 0 0])
  ("trim_all" .
   [1 0 0 0 0 1 1 0])
  ("return" .
   [2 0 0 0 0 0])
  ("character" .
   [1 0 0 0 0 0 0 0 0])
  ("fg" .
   [1 0])
  ("class" .
   [1 0 0 0 0])
  ("df" .
   [4 0])
  ("1:ncol" .
   [2 0 0 0 0 0])
  ("in" .
   [2 0])
  ("function" .
   [2 0 0 0 0 0 0 0])
  ("ch1$allspp" .
   [1 0 0 0 0 0 0 0 0 0])
  ("ch1" .
   [1 0 0])
  ("1:nrow" .
   [1 0 0 0 0 0])
  ("for" .
   [5 0 0])
  ("sp2chg" .
   [1 0 0 0 0 0])
  ("read.csv" .
   [1 0 0 0 0 0 0 0])
  ("subset" .
   [2 0 0 0 0 0])
  ("spp" .
   [4 0 0])
  ("write.csv" .
   [2 0 0 0 1 0 0 0 0])
  ("allspp" .
   [1 0 0 0 0 0])
  ("spp2" .
   [1 0 0 0])
  ("c" .
   [2])
  ("is.na" .
   [5 0 0 0 0])
  ("else" .
   [5 0 0 0])
  ("if" .
   [1 0])
  ("sp1m1" .
   [3 0 0 0 0])
  ("max" .
   [1 0 0])
  ("sp1m2" .
   [1 0 0 0 0])
  ("all" .
   [4 0 0])
  ("spp1" .
   [3 0 0 0])
  ("sp1" .
   [2 0 0])
  ("sapply" .
   [11 0 0 1 0 0])
  ("set" .
   [1 0 0])
  ("post_fauna$taxa" .
   [1 0 0 0 0 0 0 0 0 0 0 0 0 0 0])
  ("pre_fauna$taxa" .
   [1 0 0 0 0 0 0 0 0 0 0 0 0 0])
  ("pre_fauna$WH" .
   [0 0 0 0 0 0 0 0 0 0 1 0])
  ("sites$site" .
   [1 0 0 0 0 0 0 0 0 0])
  ("data.frame" .
   [2 0 0 0 0 0 0 0 0 0])
  ("t" .
   [1])
  ("$$" .
   [1 0])
  ("ifelse" .
   [6 0 0 0 0 0])
  ("a" .
   [3])
  ("print" .
   [4 0 0 0 0])
  ("unique" .
   [3 0 0 0 0 0])
  ("post_fauna$site" .
   [2 0 0 0 0 0 0 0 0 0 0 0 0 0 0])
  ("intersect" .
   [0 0 0 1 0 0 0 0 1])
  ("sites" .
   [3 0 0 0 0])
  ("tolower" .
   [3 0 0 0 0 0 0])
  ("s" .
   [4])
  ("as.numeric" .
   [1 0 0 0 0 0 0 0 0 0])
  ("post_fauna$n" .
   [1 0 0 0 0 0 0 0 0 0 0 0])
  ("post_fauna" .
   [0 0 0 0 0 0 3 0 0 0])
  ("post_fauna$var" .
   [2 0 0 0 0 0 0 0 0 0 0 0 0 0])
  ("post_fauna$sample" .
   [1 0 0 0 0 0 0 0 0 0 0 0 0 0 0 0 0])
  ("NULL" .
   [3 0 0 0])
  ("colnames" .
   [3 0 0 0 0 0 0 0])
  ("gsub" .
   [7 0 0 0])
  ("apply" .
   [2 0 0 0 0])
  ("paste0" .
   [1 0 0 0 0 0])
  ("paste" .
   [1 0 0 0 0])
  ("stop" .
   [3 0 0 0])
  ("identical" .
   [3 0 0 0 0 0 0 0 0])
  ("setdiff" .
   [5 0 0 0 0 0 0])
  ("pre_fauna$site" .
   [1 0 0 0 0 0 0 0 0 0 0 0 0 0])
  ("pre_fauna" .
   [0 0 0 0 0 1 1 0 1])
  ("sort" .
   [7 0 0 0])
  ("cat" .
   [13 0 0])
  ("pre_sediment$site" .
   [1 0 0 0 0 0 0 0 0 0 0 0 0 0 0 0 0])
  ("pre_sediment$sample" .
   [1 0 0 0 0 0 0 0 0 0 0 0 0 0 0 0 0 0 0])
  ("trim" .
   [6 0 0 0])
  ("source" .
   [1 0 0 0 0 0])
  ("myreplace" .
   [1 0 0 1 0 0 2 1 2])
  ("tabl" .
   [2 0 0 0])
  ("table" .
   [2 0 0 0 0])
  ("plot" .
   [2 0 0 1])
  ("PLOTS" .
   [0 0 0 0 1])
  ("texfs1" .
   [1 0 0 0 0 0])
  ("grepl" .
   [2 0 0 0 0])
  ("nrow" .
   [1 0 0 0])
  ("summary" .
   [2 0 0 0 0 0 0])
  ("TRUE" .
   [1 0 0 0])))
